3.566324791076231486e+04
4.672836989267930767e+04
3.746991202232671640e+04
5.544586210197654145e+04
1.076612826583546557e+05
1.069300467799176258e+05
9.033007861845981097e+04
8.113339892630545364e+04
7.868398176211181271e+04
7.464947724369209027e+04
7.104266053894931974e+04
6.547821505807936774e+04
6.014148210761967493e+04
5.390343664361483388e+04
4.225403617952537752e+04
3.191155191697732153e+04
2.526936299392751243e+04
2.185133498173530097e+04
2.067728764877710637e+04
2.002657263625739142e+04
1.986216952239312741e+04
1.892929055552877617e+04
1.862784158027754165e+04
1.813769237835667445e+04
2.055708316819910033e+04
2.387143534037983773e+04
2.728944554628052356e+04
2.817966342678716319e+04
2.568486473098665010e+04
1.872829155528035699e+04
