1.000000000000000000e+14
1.000000000000000000e+14
6.139426003700264893e+11
1.155918512329689697e+12
2.969241529702855469e+12
4.754566445597322388e+11
3.801696237826458740e+11
2.628813817162664490e+11
7.815791187206278992e+10
2.233147276592874908e+10
6.714899573481349945e+09
2.259002218696646214e+09
8.399414277831400633e+08
3.467629661626193523e+08
1.756814650644253492e+08
1.119832764905641675e+08
7.990644202131193876e+07
6.472415841298718750e+07
5.545919204253496975e+07
4.663540409245996922e+07
3.842995207442993671e+07
3.061373395579788834e+07
2.462639373157119378e+07
2.095372698407419771e+07
2.122539373292672634e+07
2.168656473850619793e+07
2.297221581460238993e+07
2.591229768987724930e+07
2.664769605318273604e+07
2.142247993381166831e+07
